0,1,2,3,4,5,6,7,8,9
0.1,0.1,0.1,0.1,0.1,0.1,0.1,0.1,0.1,0.1
0.09726865793765503,0.09918195671958374,0.10081582342843524,0.10226650061765696,0.09920920612983465,0.09600622366524518,0.10121169167455928,0.09550910299153281,0.10192297804513224,0.10660785879036469
0.09629357884796866,0.09859689229866156,0.1059171866140569,0.09947614670153793,0.09817330040421435,0.09672077610090145,0.1010802377268887,0.10008702541807953,0.10040428682478868,0.10325056906290221
0.0949281167799342,0.09998151789236694,0.10754307115478251,0.09841555219528537,0.09966329295211933,0.08913438195298982,0.10340305887703473,0.09870399317332841,0.10183901212053972,0.106388002901619
0.09476483210389879,0.09972935951020533,0.11193934120033605,0.09786416460392172,0.09778153916311944,0.09410796116249713,0.10304983791007438,0.09721864816206784,0.09995407463054783,0.10359024155333157
0.09388906091265281,0.09969154975264284,0.11064074411742175,0.09719807546663065,0.09709156053664278,0.09236317056544277,0.10805836863565779,0.09977534480046388,0.10050854561859314,0.10078357959385154
0.09338555931127977,0.0964032565746216,0.10520684717874437,0.0950368604660217,0.10026345947030807,0.09712599254878274,0.10480586451621923,0.10311281977247466,0.09856547866925273,0.10609386149229516
0.09367388729254983,0.09383070743934756,0.10324265908863943,0.09674271780082369,0.0961618225903529,0.09411650852259339,0.10402721533017645,0.11255611940487388,0.0978400309196852,0.10780833161095774
0.09247667498814076,0.09528139353541638,0.10646279367929228,0.1010588142150367,0.09235760342224195,0.0885354052509614,0.10112080177889461,0.12241174175411072,0.09849722775878764,0.10179754361711768
0.09920141692065497,0.09094232720648854,0.10730408702590466,0.1114136219470463,0.09080333174008562,0.08502300269329906,0.10866518393883251,0.11430391576787452,0.09614806979784646,0.09619504296196744
0.09951260837338917,0.09637656227326785,0.10448454798365887,0.10671719184102904,0.09942761812042561,0.085075397279174,0.11564122351915608,0.1069525641454639,0.09656613252046645,0.08924615394396918
0.10301271957330883,0.09487292565158532,0.09991195127314759,0.1061745233352749,0.10220405319578546,0.09472152699901955,0.11439988719401344,0.09932456555140136,0.09405983485921202,0.09131801236725152
0.1235979482628097,0.10042258939968798,0.09393660147146182,0.10094746710523368,0.09315989125546596,0.09874806948118219,0.1089079029210824,0.09216333230810907,0.09067020160493258,0.0974459961900346
0.11760706961650062,0.10437630297931098,0.09522137239089526,0.10470291389036929,0.10629061845794974,0.09393047506699723,0.0990648615448511,0.0892385119933442,0.08937609460814969,0.10019177945163192
0.11042038673682224,0.10622308719579537,0.0968877929666971,0.0991021108242177,0.12966602042152214,0.08824541412551898,0.09216502093828415,0.08417821148251227,0.08768969410912296,0.10542226119950712
0.10512911174058967,0.10913597009552996,0.10536688355827245,0.0980378284765097,0.13914445010507137,0.08354897174330508,0.0943748596924376,0.08008654123309991,0.08488375769523888,0.10029162565994539
0.09298629724790634,0.1131229197956203,0.10672152816224974,0.1016582854941168,0.13738387328949775,0.07902834582797998,0.09172626899560826,0.09179938291221121,0.08726009328413471,0.09831300499067497
0.08699390877931337,0.11483606280032047,0.10626916677008467,0.09484552168734631,0.14642144650832256,0.07786108621088743,0.08740558456454076,0.10189658152113992,0.08995542023768596,0.09351522092035851
0.07977107675827824,0.11308481772538627,0.123451335069239,0.09126488409413792,0.1367131026326399,0.08092871202266551,0.08950935709212576,0.09774392973605628,0.09839611319254205,0.0891366716769292
0.08131576094438353,0.10475621882574362,0.14058756478930295,0.08710119516009482,0.13490942605038336,0.07315145732417531,0.08764108153812791,0.1087704053604398,0.10092098723857405,0.08084590276877465
0.08090330915310227,0.09612834208962277,0.1496981759077568,0.08334933375084608,0.12948830614900436,0.08347630040851955,0.0859170317770725,0.10753619104221636,0.09142111198651759,0.09208189773534167
0.08135986026042806,0.08694021353457632,0.1400563426297128,0.07854308101760495,0.14296902222368224,0.08858858779774331,0.08251781171471875,0.11453948580501709,0.08577193375273705,0.09871366126377938
0.08028781808593957,0.09039976280006455,0.1352460799380194,0.07905093688321604,0.13418644949790623,0.08454000382065364,0.08148121545252952,0.11779064200452509,0.08074304073613334,0.11627405078101254
0.08096014086742008,0.0961821277528994,0.13881646840605882,0.07633318288181937,0.12105211982052291,0.08411935156319644,0.08426673211417027,0.12926493120852808,0.07841631318459652,0.11058863220078809
0.08067285320254226,0.09903323004220532,0.13109370670687379,0.09233451256913959,0.10346767669327447,0.08234771191751557,0.0790636053079943,0.15170160353643014,0.0862443411052227,0.09404075891880177
0.07519458242274332,0.0914973700086529,0.11678540626426152,0.08071049343572693,0.10835964378118036,0.08293621263553275,0.11569629413564328,0.1497563994925655,0.09197396961734701,0.08708962820634632
0.07111658016782195,0.09582688315992767,0.09568727875365443,0.0710079331271586,0.10747042480022694,0.0878149939668009,0.15807230876718004,0.14627967719019003,0.08465362216110843,0.08207029790593112
0.08012958939920158,0.09866705437298627,0.08007827558654447,0.06787299664845943,0.11527328450801741,0.07673032752145907,0.1765909117014676,0.13718414093221531,0.0908695544561477,0.07660386487350115
0.08227452879033342,0.08748408517139745,0.0725676704933756,0.07738130763510849,0.11414494474501827,0.07040548889553153,0.17482516452547417,0.15030710620021737,0.0995180214444231,0.07109168209912071
0.0813249241804635,0.07597696975690912,0.08477056926624901,0.09255144096640759,0.13213758937667494,0.06355542035726064,0.1728692036547421,0.13791735691848506,0.0949180025413134,0.0639785229814946
0.1101418102684525,0.06548541902892326,0.10587495484253286,0.09411907641114767,0.11646862729960678,0.057513562782317736,0.17329275009394052,0.12026500529126104,0.09948899980372747,0.05734979417809029
0.11619581214102495,0.06492232415574709,0.11929164102225906,0.07875464299845214,0.1038022753030279,0.05861763719625792,0.15248219538605856,0.12347507808102412,0.12119471451595656,0.06126367920019169
0.10990352056603456,0.06548524000094529,0.12682765093835885,0.07461939082409184,0.09180149224428015,0.06457316101716547,0.15238803399069906,0.14661088604095054,0.11040997829866182,0.05738064607881239
0.10341405295128166,0.07559921187329963,0.1432328237935412,0.06587424723425947,0.09173952032999784,0.08248907912251173,0.126120586288781,0.14730001104738147,0.11001587159597619,0.05421459576296982
0.09025802095213598,0.08518115984216937,0.1279235526788373,0.07011189787936982,0.09010009953644964,0.07689142133781965,0.10481104781878894,0.15952036082662466,0.1435426961504012,0.05165974297740335
0.08728281824978544,0.09670052533286701,0.12149059073363408,0.08765641556513762,0.0866260228552601,0.06726526060025935,0.08900364382030705,0.14475407013406125,0.16858534421656818,0.05063530849211984
0.07310286851640758,0.08770927209391861,0.11702200963555702,0.11721086611649018,0.07921995406536078,0.09104218176232878,0.09691701367768593,0.14935638294908218,0.13851255163202184,0.04990689955114713
0.08569832536065046,0.07305193300619203,0.11160744873553716,0.13382415001052717,0.09376762808560526,0.106323183468963,0.08337985657100151,0.15966438656517637,0.10697587744700122,0.04570721074934593
0.10805959177609215,0.06824104310170065,0.09635101494735622,0.12424064915696274,0.07776658266338687,0.1282154524590715,0.08992673571410437,0.16540959294558058,0.09370504378152264,0.04808429345422233
0.07987469022261702,0.07969013933205349,0.1070438896662008,0.1104880430782052,0.071311717535177,0.13592218591591204,0.0993197673117692,0.16527886748040677,0.09503803477060958,0.05603266468704901
0.06419063284376947,0.06601245739129212,0.09974035223098468,0.11021984853850757,0.08854590939374363,0.12199896811190289,0.08615817748814501,0.19693325476996112,0.10149875654817918,0.06470164268351437
0.06500521069815407,0.05481275940154098,0.09720474273506088,0.12263942198980167,0.1114864238454655,0.10358136703004105,0.08004435590051755,0.20641495883182118,0.0852381362644643,0.07357262330313266
0.05979583195056697,0.04896017555881409,0.0958003689682102,0.12940271498613656,0.1442022527235135,0.09047804104106023,0.06596394601197329,0.20703520102721754,0.08094855902733013,0.07741290870517738
0.04971504226936966,0.0406989731234862,0.09640614971515135,0.12785903488856443,0.1718890336924591,0.07741677788129243,0.07666995812611976,0.16329316357170962,0.10784019299801291,0.08821167373383455
0.04574375117694448,0.03860092703056097,0.1327079131206587,0.1388083276463488,0.18953263660142253,0.07032840667859996,0.07493196072404971,0.1396038397640122,0.08958257234673812,0.08015966491066454
0.051249599609948585,0.038690320756283196,0.1422937657211262,0.15008846530182968,0.15836314304816254,0.09895714307383778,0.059762492942777974,0.11301028421060734,0.09747095258433212,0.09011383275109452
0.05107033675367475,0.0346716061267832,0.13518116006428835,0.11227221541506975,0.16564738266217843,0.1271551263821926,0.05911939920139512,0.10377181778084127,0.10868826175917462,0.10242269385440188
0.05339022491823109,0.04211194428694498,0.15191301492910106,0.0824398586516577,0.16345418959556493,0.08755671572897476,0.054859941056708224,0.13828065310550197,0.10637168648437138,0.11962177124294393
0.04984155969190223,0.05966571476936236,0.13922740404845763,0.09077973363133447,0.1723662667911357,0.08849365988440373,0.04932703573683143,0.1355945009341277,0.08907239390192513,0.12563173061051958
0.05276781868132963,0.07881901834262066,0.11480320988538754,0.08242543782242726,0.17501990511755708,0.11579208571913724,0.04290754267141581,0.1422859860572461,0.07299406893683731,0.1221849267660414
0.06466218622679815,0.08256939504871344,0.16357116124111698,0.08803073596957052,0.15347019335111317,0.09243602891956813,0.042527513996431766,0.12321999681398424,0.07763002325086893,0.11188276518183474
0.07947472699914837,0.09419588013791137,0.14858988064924894,0.08071981494171686,0.16284349987967917,0.06754080160851413,0.05427670059459359,0.1090303538032619,0.08863640705624018,0.1146919343296855
0.10314432348844234,0.10322742588843516,0.0906912625391728,0.06959785448490427,0.1673262930685266,0.08400316459828187,0.05949231951116194,0.13029694079154794,0.09997745658225354,0.09224295904727364
0.10946914005039991,0.102602847965689,0.06606962300640196,0.06976294284758638,0.1778710630797829,0.1122475137219424,0.04787932286918509,0.1158665588240796,0.09700194590336937,0.10122904173156344
0.13426917382371104,0.10693118363709708,0.04982896998778927,0.07873487720934436,0.19119092424531664,0.11554816742978688,0.05402496501419157,0.10125237838121583,0.06713806692485252,0.10108129334669474
0.10348317294874014,0.12098330432800043,0.041826195752731644,0.07396256131160178,0.18548922839010734,0.09726590289957854,0.07273653982732031,0.13077619863638532,0.054925621325494965,0.11855127458003972
0.09303498763342842,0.08506227456743057,0.042665033978733224,0.09061748266753596,0.19103074401279355,0.09787683227382547,0.07671956388075601,0.13926716153353075,0.05561257996152455,0.12811333949044149
0.08504892350477623,0.0706326527893993,0.045915542888218835,0.07578272105359125,0.21418539243200643,0.10383039588692719,0.08887359944927757,0.15180545191394326,0.048935205161311474,0.11499011492054834
0.1020133872858791,0.07962855006216411,0.04088331832590362,0.08356314251362715,0.18805182871381312,0.14309371036310392,0.08429471494644566,0.13921210629175398,0.04834124025158659,0.09091800124572272
0.07177389254958516,0.11256747931837044,0.05153188691767722,0.06059075547702535,0.20150375074933655,0.10939763320363298,0.08563478884313708,0.13552116286645666,0.0851309428263226,0.08634770724845602
0.05270726275437859,0.08905287383794162,0.06502145952546126,0.044309923795796395,0.2185751132864385,0.14767730759661557,0.08781284618219765,0.10094189281211385,0.10562971295036643,0.08827160725869017
0.04681313398677555,0.11532509476352681,0.06879164916057377,0.033217195470884225,0.1838530596201039,0.1259138856306679,0.07731902953062474,0.11474884151048594,0.1103060342374026,0.1237120760889544
0.048164834385502696,0.1289402887795755,0.08655709065297633,0.025731032187702913,0.18017841644993723,0.08729466937159666,0.09620801493000673,0.10065689527019296,0.1088670623262595,0.13740169564624957
0.05270078000980858,0.13472644051204744,0.10299978097635991,0.0373667278270248,0.17693499568325927,0.06327698443243943,0.11170571284750358,0.08878676409502607,0.0851430421770962,0.14635877143943476
0.0592231537998847,0.10936387252662245,0.08086336561152803,0.03288792101321033,0.200677358730862,0.04714678005433927,0.12676556984321752,0.07910563815014923,0.08172492053569692,0.18224141973448948
0.05116025361070161,0.13364324330976754,0.09278369224892909,0.03406015451690812,0.18378574281519952,0.040057318593768904,0.08182687596242325,0.09526561927777903,0.08501670890240408,0.20240039076211888
0.03746776025780782,0.1718809522529416,0.08098942146778498,0.03151130518016713,0.2068231917576539,0.05931901803704277,0.07088921320783036,0.08570194641041264,0.10287858223925264,0.1525386091891063
0.046418460190518276,0.17969416935965787,0.10285192343348108,0.034876489475429186,0.20766034489347743,0.08157183093026461,0.09111566553146312,0.06481415039160547,0.09113621003606587,0.09986075575803692
0.036349136495232186,0.20332726762882855,0.08835749351335517,0.04723820875778113,0.18171116303360457,0.0902333387357765,0.13579395946688902,0.059361567792935166,0.07620163240342019,0.08142623217217745
0.0352160782401177,0.19291606939816883,0.07172185074684989,0.06501767374509501,0.15737679375600386,0.09361604450314898,0.18627284058131321,0.057875032219377516,0.05815991464221946,0.08182770216770555
0.04193882806587572,0.18566277901244224,0.06536098392190748,0.07801775773831854,0.14548631170254162,0.0877090825173268,0.19377893140082592,0.06305448068017688,0.046388373174132955,0.09260247178645171
0.0682548416215794,0.1328820972594633,0.05213164429788238,0.0851950182770901,0.16337992239154203,0.08038590657354261,0.20400741263986977,0.057803380263055176,0.044221114020736786,0.11173866265523853
0.07932662055613271,0.0946839972448208,0.04646817502699696,0.09533409789877022,0.14440066462705123,0.07392493208612119,0.18749139146165872,0.05473894841807397,0.07215114622164036,0.15148002645873362
0.09208635303466906,0.07723911890907657,0.049433507589721176,0.09788760196230585,0.12447907211106393,0.06503381731974174,0.18958836315569347,0.05564448790106216,0.0834238037120024,0.1651838743046637
0.08582672981802297,0.06200026702923948,0.04480744933403439,0.08158195784289939,0.11147123034143006,0.07226800558073695,0.19074236765758953,0.05162999817571741,0.1048734925628121,0.1947985016575178
0.0838728244193781,0.05400092373564716,0.052956708376991,0.07356204339912291,0.11531198339007717,0.06876524773836802,0.18642988585732856,0.0467866199006168,0.14786715774493184,0.17044660543753842
0.1045773309882767,0.04851370256874222,0.05544896257054056,0.0616113560733507,0.13938228818193782,0.06444736785046813,0.19427346029910791,0.03536022256817261,0.1472322330595697,0.14915307583983367
0.10773610444608281,0.04688059973847181,0.07241727432627651,0.06048996732380245,0.15858846962542386,0.0772475146720147,0.13810872533612184,0.03747833493212379,0.14210750474576306,0.1589455048539191
0.09942791044810463,0.0580301731986483,0.060525077723033546,0.05217172427123174,0.16843553152205076,0.09586238373945229,0.10865491255541726,0.06363398831287102,0.14596558404272922,0.14729271418646123
0.11241097293631457,0.049462837826232633,0.04618575051801173,0.04624333031250357,0.16094070390700266,0.11061339451439582,0.1446016852887611,0.07818014031299922,0.12464473297572022,0.1267164514080584
0.13721402493896429,0.046039074362391304,0.041868919401873365,0.04418979751426822,0.1771130749884773,0.13026771018324912,0.08912586690911171,0.08226995610226313,0.09470493037820782,0.1572066452211936
0.16234235032328784,0.06488432825443374,0.07435254015309034,0.03611725431106674,0.1766936832248746,0.09746346077766954,0.1015179879798396,0.06632430738132553,0.08741699114747825,0.13288709644693375
0.1482557027667063,0.06714512114629298,0.0761028808563568,0.041076246289346335,0.17667685542716424,0.08658595074816922,0.11178523483011521,0.061006475863659565,0.09924501558425265,0.1321205164879367
0.14518558987330882,0.058817093420357854,0.06154337564358828,0.04013307562749613,0.15843816514424394,0.11602923570872536,0.11966284647806943,0.06736867990831844,0.11495000049380508,0.11787193770208666
0.16001957462916644,0.06065144697472301,0.06226339440113059,0.041187189765730284,0.15776001175120094,0.13679461781531793,0.11482370080522375,0.06864562862953788,0.08525053401332017,0.11260390121464908
0.17546411813235419,0.07300223121197487,0.05939058267914674,0.037273271587906144,0.14828568362682054,0.16870169217471737,0.07925816207223527,0.07230316570463544,0.06343203279890257,0.12288906001130696
0.20127892015282053,0.06051793647096314,0.05734434826315012,0.03881807228554706,0.15971805847837858,0.1821164677262783,0.06649346111726452,0.06778637166581165,0.059368589803826234,0.10655777403595991
0.2261987538182565,0.0481568229081012,0.06584347473239893,0.044649065188029184,0.1746517333737956,0.18030703809553905,0.051640701203837513,0.05704260512600046,0.05921849961153071,0.09229130594251089
0.248634080684792,0.04060918491860755,0.06994611112847321,0.09029767727472356,0.15549606582836356,0.16962504276790574,0.03936930833326396,0.04770733404964803,0.0507991745704574,0.08751602044376504
0.22920874785471312,0.06795782053491542,0.061922035014760714,0.07586553222694581,0.1448942565518447,0.164424449269982,0.051043045134925316,0.05463457931016795,0.05930764424540411,0.09074188985634084
0.2324571949387606,0.06343003663291735,0.05943239874176605,0.052093999704310674,0.15009331093689873,0.14835057879764935,0.06252618559864714,0.06380817016238478,0.07486965697738517,0.0929384675092803
0.23597101695153455,0.0554843867138179,0.04714066618087913,0.04104724815100522,0.13134576618199248,0.11995459602151139,0.07380848494943419,0.11232147772535563,0.06535093589201275,0.11757542123245665
0.22561571924578103,0.06673017522162807,0.0512264176180673,0.03153812641795468,0.12226188835036801,0.12900413287695525,0.06756205469323376,0.1065990572332278,0.07548067276984409,0.12398175557294011
0.22620412156944975,0.05769895452479868,0.07577052648783808,0.03080128002317312,0.09200282397638176,0.13557851493891163,0.058638591114344635,0.12213337006581593,0.06187752763436417,0.13929428966492224
0.26056054355014824,0.05441535256934354,0.08209702729432894,0.029951887683172872,0.07653603846334724,0.12864656102836855,0.04927055125685812,0.13373683009121234,0.05364905031911778,0.1311361577441023
0.2421548022710465,0.1194601046624095,0.06879049121830372,0.03009134178283093,0.061390636180005974,0.1442406882775567,0.03690273338298395,0.13380457660758951,0.056540329115404006,0.10662429650186923
0.2038256552209481,0.11578917224796727,0.06595459956293831,0.03756267611704743,0.0596867192992176,0.1078861958708661,0.04921487332284389,0.16394135597218548,0.06416238324321956,0.13197636914276634
0.19716942129201606,0.11188276603688666,0.06841426726361477,0.042540281989623153,0.06226565427482175,0.09697714147050106,0.05037681362560871,0.19543907743737776,0.06414146671058157,0.11079310989896854
0.18905599019104163,0.0908333249030157,0.07480337227662738,0.06315148614490827,0.06608724218169808,0.09810084635076882,0.04718069122632404,0.21560281522765687,0.056376881704524366,0.09880734979343489
0.21161859481543127,0.07719319333975802,0.07338961196623593,0.07668686228391348,0.06948344101171267,0.08791559454825149,0.05232098730938212,0.1899426055727207,0.062116512506120485,0.09933259664647404
0.24795276449139206,0.07336733257747166,0.08962758826488029,0.07155365998968967,0.0655367975912009,0.09839280877937033,0.04323342166225808,0.15654793302477682,0.055948589799090405,0.09783910381986968
0.25332331058397317,0.08514425935104174,0.09296173833972882,0.06732876594352268,0.05526695237054739,0.10732460013431419,0.04444519193667038,0.15398420352815975,0.059766417676796454,0.08045456013524553
0.2798653785073201,0.12511801988013901,0.07140554884892039,0.0574668266750683,0.05019349912066568,0.09436394291230914,0.03477118513960458,0.12612644591545663,0.05285772451420015,0.10783142848631598
0.21205321152105808,0.20852744472405899,0.058353285396231455,0.0580980876356838,0.04987534358988794,0.09181098492778324,0.03513654877934137,0.11225137464713851,0.06964447578733497,0.10424924299148164
0.20873530960484327,0.17092635153944208,0.05034330485037842,0.04498935032689375,0.08250090978785801,0.10886639273968177,0.04097550466346784,0.10997198455779761,0.08625402904583783,0.09643686288379945
0.1824722402432849,0.14074973937796628,0.04619047698270841,0.03640227653780097,0.1074847534015522,0.13185119999144979,0.05727047365427298,0.13442854912682473,0.07731422375328585,0.08583606693085388
0.20039445416037258,0.10778853720493857,0.041539315555931274,0.032728841902222465,0.09422839621017634,0.13764480992271236,0.0762949541693276,0.1406374963640183,0.10226060364210897,0.06648259086819158
0.17719533933436146,0.1257549525376887,0.036405823440943876,0.06506708082408372,0.0683655952011783,0.18062174733279543,0.0833169251623722,0.126004716447555,0.08255629615873464,0.05471152356028654
0.14292074571727711,0.1149278190863255,0.0492188245297023,0.10665364643967162,0.09726374792907086,0.10604380742203477,0.08122669352241428,0.12706735169580752,0.10594624608685878,0.06873111757083726
0.10057505475083832,0.1302502892037098,0.06954026226519006,0.1328762115119263,0.06234686916971617,0.0880194063713037,0.07040013067691608,0.10616500155374732,0.1286334152975103,0.11119335919914196
0.09651098360577225,0.16115231918516063,0.07118989299224449,0.13696560706621863,0.058737144396677606,0.07732596582837903,0.07394510216536075,0.10035976325597008,0.13955382955537554,0.08425939194884105
0.08702751318330766,0.17805976910624033,0.07191416242235352,0.13049905089488617,0.05695326568572512,0.06997652538998128,0.09572206385266623,0.08306395400200689,0.14803138809621738,0.07875230736661556
0.0778178856474595,0.1978658059890937,0.07230940653330854,0.14103266260929295,0.049207243718316744,0.062152795776622555,0.12870864846669472,0.0662128431070254,0.1235799141372545,0.08111279401493143
0.07095691617243521,0.19464184260860898,0.06106583229477797,0.17574671166967804,0.04257045393045534,0.05411109521742819,0.15883217110199266,0.05348050589430881,0.10834054804517285,0.08025392306514213
0.06869772967197246,0.20384765018574677,0.053958624577208895,0.17871707779781656,0.05470550550532836,0.0503982463325226,0.14504935301693722,0.04906300803895311,0.11719353954506587,0.07836926532844815
0.06875329003309723,0.19588516488893526,0.05052217151276046,0.15370385921532242,0.050852449255473185,0.05445729747172051,0.12098578250788321,0.056758367565181836,0.15495911568740264,0.09312250186222323
0.07912329075524833,0.17906492446277836,0.05707002470045101,0.12556844256085611,0.053053872124333566,0.056068495362129135,0.12054296217103122,0.0640028216851025,0.16074672122986747,0.10475844494820218
0.07212693174681835,0.13631495972775573,0.07004765485221594,0.12115698940880067,0.056443903074717895,0.0692804305919012,0.13438988127994436,0.05993004355295449,0.17437794238508478,0.1059312633798066
0.07586040965981981,0.10052956122043709,0.08365324178105707,0.11510033603893087,0.07146711725770452,0.06971410286977771,0.14523029881350288,0.05984714713696792,0.16008537610927975,0.11851240911252225
0.06678539787805603,0.07872763138513664,0.0991893591849046,0.0908086273722984,0.07378281027491684,0.09153799116390525,0.17186134604998077,0.061197784545202874,0.12399298157399055,0.14211607057160813
0.0560233739813116,0.06388071446709288,0.08726832202682072,0.07167294667656698,0.07001023509017408,0.10279101221830539,0.20529707530547986,0.05897932914398511,0.1125763365941372,0.1715006544961262
0.05280647927163947,0.05975143540369317,0.07409604653491615,0.0628476126249506,0.06523474309584941,0.1094094240422745,0.24482781315343313,0.054789585742064835,0.10733714032098249,0.16889971981019622
0.05028113670977698,0.13884321560665017,0.05775220045730192,0.05413874152344166,0.08735320487508172,0.0973461085554996,0.24337600328764805,0.05024135242677723,0.09726081880743405,0.1234072177503886
0.04660783300068861,0.19223356507444936,0.04890274194615227,0.0505769312246414,0.09051285122590046,0.08243058706561324,0.24277227690373554,0.044210095632795356,0.10094122544505697,0.10081189248096681
0.04573226508030813,0.19841223096607402,0.04367800152127215,0.059695900096966466,0.12722793017038828,0.09268106274900438,0.2249201722136096,0.042807955583685796,0.08271844535649887,0.08212603626219232
0.056818300406200395,0.21435951645675508,0.04523863288066612,0.07317130940569122,0.1194267550985955,0.08724806972307156,0.2059707879540828,0.04925397986678498,0.07247054237760298,0.07604210583054934
0.061792327619485526,0.2370305060030962,0.05080392773402383,0.07834529146237747,0.12080862668110474,0.07632194528405381,0.18021114353931408,0.05481198723859095,0.07081012952817962,0.06906411490977366
0.08044168215737328,0.2290632762295456,0.055689957169520424,0.07322607768842583,0.09784880339581699,0.07906020817128712,0.18402974720464002,0.05941235971741823,0.07050229883215973,0.07072558943381275
0.07224925170018372,0.22439435086430184,0.06479741545989709,0.08884757912179148,0.10751093505412163,0.06991086651598184,0.1437265760332838,0.08699227898293536,0.07009558693053883,0.07147515933696451
0.07202436239399294,0.2056513084067637,0.08167391856520675,0.10335893310635176,0.1076642515501572,0.06838329853172082,0.1283369881933467,0.09881819459387094,0.06480370680718228,0.06928503785140698
0.0782007733233735,0.16834893378846946,0.08620820838469234,0.10630331348537318,0.1315916376975356,0.07093207901803576,0.11095910757309907,0.10594554042304373,0.06944869751477911,0.07206170879159832
0.08168435289596675,0.15329475347757945,0.09719685716901795,0.10045191517714896,0.13572804943653569,0.06901894680519668,0.10748999077319357,0.1145186599394371,0.07073516165538156,0.06988131267054228
0.07195176819702992,0.15097253848082584,0.09727463374381998,0.09834918202595347,0.1322157856353425,0.06629916243037308,0.09861059032630916,0.14201691120341622,0.07009340686672855,0.07221602109020125
0.0745926492458288,0.13685463690681568,0.10146727952992622,0.07109709978779902,0.12790903043995766,0.08648778305457902,0.0941596869116171,0.14230668783137196,0.08615075288864181,0.0789743934034627
0.07605392889246634,0.1198295086118799,0.09973386517642484,0.07115130900590894,0.12476484368000118,0.08671507225502263,0.09236887939675209,0.1658409693520341,0.08868543746925411,0.07485618616025577
0.07598285262710648,0.11815788341025865,0.10131102395856953,0.08499031544577396,0.11655018050009812,0.10367873788706622,0.07703506768600919,0.17371348144330664,0.07775616097176218,0.07082429607004907
0.0873016706577482,0.11515397569184864,0.11835121124913016,0.0908910750992203,0.10381743382105377,0.11041897814791794,0.06604663907320572,0.16663008061217582,0.07393967185046577,0.06744926379723375
0.08167706772668083,0.11834666900212042,0.13958769530612675,0.11056312263855793,0.09157119610642413,0.10083568002329243,0.05785429663628628,0.15740101633983933,0.07574544628182762,0.06641780993884432
0.0666427002840059,0.12805129610343108,0.1472358392622442,0.1779378993512341,0.07222958225992455,0.09399170706152259,0.059565103984228644,0.12230130491684095,0.06788133662777297,0.06416323014879503
0.07147397536384428,0.11440207670656734,0.17115300933762292,0.17250087729188307,0.0638876785816822,0.09790793559206996,0.057277803094061754,0.12299199049332492,0.06362752252594113,0.06477713101300243
0.07384830286765823,0.12477894405075741,0.19320564323365397,0.1756620615958702,0.057853168072067654,0.0856509003331143,0.054104320989119735,0.10734663592910278,0.06582206537881546,0.0617279575498401
0.07156606853828987,0.14278051236536515,0.17801942245881217,0.19937009099341385,0.061576427369583804,0.07258199578893675,0.050450535586186146,0.08379267728141335,0.0806623735144269,0.05919989610357204
0.06089011316994541,0.12985703286055453,0.1476053239484045,0.2475243152577967,0.09961152384071209,0.06275868840329499,0.04772795927398927,0.07730627694659459,0.07424221090750138,0.0524765553912065
0.06769546430848358,0.12322195429374594,0.11152341218484288,0.2830983561603432,0.09833756395705671,0.060286720101396275,0.051997281543214986,0.07930651423558499,0.06954285754945985,0.05498987566587169
0.05626053661153663,0.11582494645168308,0.094593692061804,0.27202145793328447,0.10959677634484774,0.06348262870070016,0.05140039803223199,0.11413787642902076,0.06886164808337351,0.053820039351517864
0.05607561909808631,0.11665362793542267,0.09372685150470397,0.27547656522080083,0.0915401959467506,0.0878532638440924,0.053493307927861014,0.11642837069207866,0.0526256726879795,0.05612652514222417
0.07277396094045606,0.11280366945554693,0.10811751615769291,0.2853290486310712,0.07452404413981227,0.06021828083168419,0.06589674725764144,0.11681266451064211,0.046791841660330805,0.056732226415121885
0.08116578785055999,0.10119137421613067,0.12378443123954658,0.29482952540853213,0.06095920522851588,0.047646533025197155,0.06955048820518209,0.12008113346639364,0.04649888316263344,0.054292638197308556
0.09565415436634732,0.07620017030673575,0.12870331135265986,0.2845500080670098,0.05452111923318825,0.058404584101733145,0.07849083353233982,0.09421592771266699,0.07739329014565072,0.05186660118166829
0.11102140260636434,0.05815885481904111,0.138965652083172,0.27155179020400744,0.05256838986082824,0.0628132968241713,0.1019450120381833,0.07266276102153706,0.0723821329508294,0.05793070759186573
0.1206829075137001,0.04721944915709616,0.1268696591010294,0.2663283481130398,0.061679866197263615,0.05502644070611299,0.11274547746085185,0.07207434992736932,0.08670497916868025,0.0506685226548566
0.1406082527050689,0.05104012692928864,0.10291334347985669,0.26291764984886457,0.05197650660080407,0.04757450792950359,0.12739419292787582,0.08874647820427639,0.0745454563242584,0.05228348505020299
0.1436637436456168,0.06867852793822539,0.08377399874282972,0.26871476855029125,0.04683880360695628,0.046533738755912935,0.11673302782012515,0.10307049502022828,0.06345814466198602,0.05853475125782815
0.15405259467150198,0.08305571188822246,0.06952694975956093,0.2216269638438948,0.048919914250950165,0.04966136352931615,0.10446308675002976,0.12885635909603407,0.08158565187172706,0.05825140433876269
0.14815878063528656,0.07097655141284047,0.10244889497546547,0.1641709489264229,0.07235677870697681,0.05065238013703263,0.0912749929137968,0.15493860888572453,0.06951851785247885,0.07550354555397487
0.13031212194320774,0.0688872018944565,0.1280792842790419,0.12243536112400787,0.0830906418606788,0.04955642455195687,0.08451379348703635,0.13166570776290978,0.13071375311304317,0.07074570998366103
0.11303466879492756,0.06377628648846649,0.148580424396809,0.09054100114239276,0.08894357172607575,0.05483207932627982,0.09153663940078598,0.10958464816005901,0.1706113037018295,0.06855937686237415
0.09908604481758886,0.05531854773024667,0.1395865075306962,0.08371570842244076,0.09439001990091409,0.06020387347765831,0.11791871307960158,0.09886173177202774,0.18067378951875693,0.07024506375006875
0.08544333172735404,0.06639084804248142,0.14233525368577093,0.0907296468467855,0.09688567231584277,0.06308340902008149,0.1068782802276033,0.09645816956735109,0.17938369924873362,0.07241168931799573
0.0747677567896186,0.06587075168774788,0.1448490282520964,0.09754207720929783,0.11516092982816838,0.06060692695139471,0.12904006373804938,0.08901155457006174,0.12303599574387962,0.10011491522968544
0.07399692713505368,0.06683914711778516,0.14684832702318282,0.09042951651812471,0.11307498272780969,0.06363220943370519,0.14707427411447754,0.10701227688597088,0.08689542424009347,0.10419691480379692
0.06920609381082445,0.06478238659471713,0.1543591966952138,0.08444426833028079,0.10229511561904014,0.06869816672391908,0.147807956390029,0.13247192428067556,0.07502486415239479,0.10091002740290511
0.06602685022384099,0.06364616974779284,0.17482410856096312,0.0805954753659408,0.08488453601984557,0.07095846616539635,0.15010036849837033,0.12971288530921743,0.08059272206839435,0.09865841804023825
0.06335974847010124,0.0779099466307517,0.192274841366307,0.07090518080874783,0.07208739469623666,0.07931387929284904,0.15564871951873135,0.11999823518340193,0.08210273599936387,0.08639931803350949
0.059253021363232385,0.07837205806299577,0.18335932141873026,0.07758565816411478,0.09037135320706302,0.06940852920353749,0.19286525208986535,0.10067512048527442,0.07892363622921274,0.06918604977597353
0.05574305660097199,0.11096328991534879,0.16913861763687071,0.07410428957325756,0.09201266026062016,0.06689724890065649,0.21484973470316904,0.08579196672723177,0.06785646535659585,0.06264267032527765
0.053314652411504036,0.132289550264728,0.17814102954025782,0.07144231513086509,0.07941020298352801,0.0686102607843632,0.21008700132023625,0.0858887372637388,0.05699433604836459,0.06382191425241414
0.0472032346150851,0.13981703863974057,0.17990184785818114,0.08178496339508438,0.06945585448777657,0.07086414748425215,0.19916676586404033,0.08672860150871159,0.052780268904080954,0.07229727724304719
0.0509122341688054,0.1369712205659485,0.17825832059359237,0.09292431252459064,0.07412268509944157,0.06846681886637417,0.17630359384163405,0.09597179317406108,0.05589942242652644,0.07016959873902594
0.0489944814780096,0.12213679188000602,0.19675048700180334,0.095497479630646,0.07331867251531185,0.08112790630873913,0.14340913603755556,0.10964567729958322,0.05500074387594416,0.07411862397240122
0.05167285314092881,0.10059768864479315,0.2109381134153282,0.09545061864326154,0.0666561606994282,0.09673389136624964,0.13670021795351328,0.11339747402069615,0.05375158723613871,0.07410139487966233
0.04947864208832622,0.09318753829916868,0.2306565457307719,0.0889821993267423,0.06521691350011807,0.10508782080548834,0.1329299638240264,0.10186682423593836,0.05510002493241576,0.07749352725700394
0.05528623032601936,0.09257526081756098,0.23841936022858687,0.09440903013607087,0.06754904921966676,0.09477394197525786,0.13066136913441506,0.09634226981587228,0.05146142610957867,0.07852206223697118
0.05596180501242876,0.09000619083616743,0.24922763035210083,0.09800897322228619,0.06298589062611445,0.09768260841703313,0.137898453671937,0.08126004175660329,0.0493540512768698,0.07761435482845898
0.0580196450100018,0.08476724148413962,0.24297420940033293,0.09467448657813335,0.057853457585812125,0.10884233762446432,0.14008789222359144,0.07816882743928485,0.05956846395894389,0.07504343869529569
0.06574452114306746,0.085253970040516,0.22664610627914752,0.08077189183038366,0.060280574729694544,0.1349176221073656,0.13367042220865152,0.08450726641760485,0.05105763821723236,0.07714998702633645
0.06639550760689779,0.10696739913726831,0.21046275100268733,0.07583791471562361,0.0580203875783234,0.1405658238241204,0.12866398238388121,0.08588622696267759,0.04693717395379073,0.08026283283472958
0.06608404462292371,0.12948808962359162,0.2075228748205709,0.066517465494529,0.057369020771601005,0.13575891522285366,0.11873711638511034,0.09495226696101008,0.048131815580377595,0.07543839051743219
0.06743552864536319,0.10789516777279408,0.20779195759101673,0.0653675630508525,0.06514113441434881,0.1598730526310755,0.10595266611201731,0.09705371516306655,0.04573916410431346,0.07775005051515183
0.0917169451455232,0.09198024448369799,0.21871067363464022,0.061540558533914436,0.07657424128153982,0.15272961937053794,0.1054821903699073,0.09415489219755453,0.04725980990687535,0.05985082507580905
0.1137026517807043,0.07784302112603587,0.21700026402758113,0.09663104965438384,0.08014837924111079,0.11606394494866319,0.09264903726252216,0.11268159775148917,0.04268973260211124,0.05059032160539816
0.137202778608458,0.07432914364033846,0.20926981203982262,0.12253635007080937,0.06784542138295353,0.08360413284392951,0.08720441480646109,0.10922136187028648,0.0404173604698792,0.06836922426706167
0.156931485259357,0.07411627667202217,0.20141537402134038,0.12917700168253146,0.05293626433943343,0.05651664029296503,0.0905733725161702,0.13174797013269807,0.039834165867061795,0.06675144921642041
0.15142624839786184,0.08269774763426221,0.18214391621614198,0.14445468500859923,0.04011884641508435,0.06202037857678384,0.09855981772355633,0.12698937421271866,0.050747676431542814,0.060841309383448575
0.13913596373896342,0.09632406624788062,0.18917442657732167,0.16234811808613872,0.03678635232980121,0.08223783599879993,0.07483510116667447,0.11339376972237394,0.04986411409823822,0.055900252033807885
0.14010079514336984,0.111330364364874,0.17388143337068193,0.13224202894299947,0.04701913843121116,0.11796112885869572,0.0718352310379454,0.09269532849431744,0.06164981091473362,0.05128474044117144
0.14198470266462276,0.11598041945041399,0.14151722041766662,0.10039543552201269,0.04706030197114776,0.14969118397258982,0.05726160006275257,0.11471962363450675,0.06671777383080679,0.06467173847348023
0.1272542803711294,0.11742767725167341,0.13503661924053884,0.08056851964046094,0.05523714219861854,0.16643524314760855,0.04787654853799864,0.11625307806137171,0.0750130033117102,0.0788978882388898
0.1283596184450457,0.11798762011333014,0.13721517679971773,0.06443760911764432,0.06323186646770529,0.17091036668920234,0.04385035708435614,0.11232424692374836,0.07950595002820264,0.08217718833104715
0.1296931310499995,0.1339813012951278,0.11100296197763763,0.05471307623213375,0.05321441749351552,0.18427738805057473,0.050922032879461246,0.10887928288313085,0.10586647417316282,0.06744993396525606
0.13494946180671893,0.14842116400492536,0.09207068181465206,0.04919564532673409,0.04672588349951435,0.1933604030177376,0.05330252577914099,0.10016722734346493,0.12106817761090677,0.0607388297962049
0.1358277663429172,0.13141501072052253,0.08931146978253289,0.046584913315892776,0.04028008955514912,0.18238981638711646,0.05375973912923779,0.11636765534917261,0.1493657045566981,0.054697834860760554
0.1378835143928032,0.1261117614200167,0.10855980966223458,0.05065574316796178,0.04176532245307099,0.1924638094947513,0.053037787758055795,0.10380117102703687,0.13308470458655983,0.05263637603750878
0.13746714026681228,0.1122604381680858,0.1024639369002643,0.05400999089799755,0.04489966718716231,0.20220424853680444,0.06012173675255576,0.10131732597576439,0.13284779980518235,0.052407715509370734
0.15272814984090902,0.08294705539833605,0.09788496292628272,0.0632732853084641,0.04738037056716646,0.2226478222905783,0.058582286781672696,0.1061307576622957,0.1167024816628316,0.05172282756146329
0.17279392402907326,0.07466660228977898,0.08633340888664691,0.07017544202974325,0.05378865960910236,0.2132954652544207,0.056919469333180484,0.11152809540005727,0.11243080926629372,0.04806812390170316
0.1688747896573224,0.06756439866322138,0.07021025074958379,0.07500438856259224,0.04759678478880717,0.242157675985443,0.06107975260078591,0.10977012163636492,0.10666713803772568,0.0510746993181535
0.15768637896890722,0.09588157934766471,0.06748692285768268,0.0642409010120872,0.04442972011189828,0.24701822538589446,0.06235832776920032,0.09498232151900869,0.10407030498256517,0.061845318045091205
0.15645871159857733,0.10902232310250375,0.05847277282870774,0.08080957092576756,0.03895105888123028,0.21667590009248655,0.0682370187679577,0.110635000724757,0.10333906835413624,0.057398574723875766
0.1715580514094526,0.1314612038442755,0.06610870713651495,0.06452701605742231,0.03540862130266703,0.21458351320421107,0.06925082303778173,0.10283106816136837,0.09059383645960113,0.05367715938670508
0.12637836500046762,0.15091519900565437,0.08372346546131455,0.06607783288928537,0.03624667462631914,0.22439656517640316,0.06435181237225966,0.10910415626089286,0.07881244088888957,0.059993488318513595
